100
2 3 2
1 1 1
2 1 2
3 2 3
83 7 83
84 7 84
100 1 100
2 35 2
9 1 9
27 4 27
29 6 29
7 12 7
19 4 19
79 2 79
2 2 2
100 3 100
70 5 70
3 37 3
4 1 4
32 5 32
16 4 16
1 2 1
4 29 4
3 4 3
3 5 3
74 3 74
18 9 18
32 6 32
46 5 46
1 3 1
1 28 1
100 9 100
24 11 24
25 4 25
10 5 10
94 9 94
1 72 1
74 4 74
3 3 3
1 98 1
86 9 86
18 4 18
71 9 71
1 7 1
70 8 70
27 5 27
16 10 16
100 4 100
22 13 22
1 45 1
13 8 13
58 4 58
3 1 3
86 5 86
10 18 10
94 1 94
72 8 72
1 66 1
7 13 7
60 8 60
2 26 2
2 4 2
1 55 1
25 5 25
4 4 4
38 5 38
29 11 29
73 3 73
68 6 68
29 1 29
19 13 19
99 3 99
23 12 23
2 59 2
2 40 2
100 2 100
22 7 22
80 8 80
63 6 63
34 1 34
12 5 12
11 6 11
43 4 43
14 3 14
4 3 4
1 4 1
14 7 14
1 100 1
22 1 22
2 39 2
17 4 17
1 54 1
3 15 3
4 2 4
44 9 44
16 8 16
30 7 30
75 6 75
8 17 8
1 19 1
